"data","ricoverati_con_sintomi","terapia_intensiva","totale_ospedalizzati","isolamento_domiciliare","dimessi_guariti","deceduti","totale_casi","tamponi","totale_positivi","nuovi_positivi","variazione_totale_positivi"
"2020-02-24",25,7,32,23,1,1,57,2861,55,55,0
"2020-02-25",35,10,45,35,1,1,82,4923,80,25,25
"2020-02-26",49,11,60,76,3,3,142,6379,136,60,56
"2020-02-27",76,15,91,148,5,3,247,8694,239,105,103
"2020-02-28",110,17,127,220,6,4,357,10860,347,110,108
"2020-02-29",145,25,170,327,10,6,513,12938,497,156,150
"2020-03-01",233,34,267,423,10,10,710,14248,690,197,193
"2020-03-02",264,39,303,455,10,14,782,15420,758,72,68
"2020-03-03",336,62,398,539,21,24,982,16279,937,200,179
"2020-03-04",469,86,555,654,26,34,1269,17699,1209,287,272
"2020-03-05",621,107,728,791,38,50,1607,20008,1519,338,310
"2020-03-06",772,153,925,983,54,62,2024,22803,1908,417,389
"2020-03-07",990,208,1198,1121,65,79,2463,26284,2319,439,411
"2020-03-08",1340,251,1591,1424,72,99,3186,31403,3015,723,696
"2020-03-09",1514,293,1807,1688,78,130,3703,33691,3495,517,480
"2020-03-10",1719,411,2130,1957,108,163,4358,39282,4087,655,592
"2020-03-11",1986,468,2454,2373,145,210,5182,47525,4827,824,740
"2020-03-12",2403,548,2951,2992,173,272,6388,56477,5943,1206,1116
"2020-03-13",2991,678,3669,3554,241,376,7840,64788,7223,1452,1280
"2020-03-14",3474,786,4260,4431,306,475,9472,72032,8691,1632,1468
"2020-03-15",4163,905,5068,5492,324,591,11475,84530,10560,2003,1869
"2020-03-16",4854,1028,5882,6330,381,738,13331,94397,12212,1856,1652
"2020-03-17",5941,1181,7122,6845,456,863,15286,102208,13967,1955,1755
"2020-03-18",7078,1333,8411,8033,537,1019,18000,116558,16444,2714,2477
"2020-03-19",8370,1492,9862,9390,662,1237,21151,130533,19252,3151,2808
"2020-03-20",8285,1605,9890,12550,834,1483,24757,149712,22440,3606,3188
"2020-03-21",9450,1764,11214,14097,1022,1730,28063,166492,25311,3306,2871
"2020-03-22",10407,1867,12274,16479,1159,2020,31932,187804,28753,3869,3442
"2020-03-23",11426,2021,13447,18061,1357,2301,35166,202226,31508,3234,2755
"2020-03-24",12226,2202,14428,19734,1669,2642,38473,220269,34162,3307,2654
"2020-03-25",13086,2253,15339,21591,2081,3029,42040,242779,36930,3567,2768
"2020-03-26",14072,2349,16421,23403,2522,3304,45650,273347,39824,3610,2894
"2020-03-27",14892,2440,17332,25187,2949,3732,49200,298219,42519,3550,2695
"2020-03-28",15524,2537,18061,27495,3422,4079,53057,327023,45556,3857,3037
"2020-03-29",15773,2578,18351,30137,3775,4419,56682,346632,48488,3625,2932
"2020-03-30",15980,2651,18631,31891,4283,4773,59578,366302,50522,2896,2034
"2020-03-31",16309,2699,19008,33503,4844,5229,62584,392328,52511,3006,1989
"2020-04-01",16476,2693,19169,35638,5432,5562,65801,419974,54807,3217,2296
"2020-04-02",16778,2702,19480,37693,6049,5955,69177,452946,57173,3376,2366
"2020-04-03",16939,2687,19626,39573,6738,6370,72307,484798,59199,3130,2026
"2020-04-04",17008,2668,19676,41378,7754,6706,75514,515347,61054,3207,1855
"2020-04-05",16940,2660,19600,43522,8389,6982,78493,541477,63122,2979,2068
"2020-04-06",17062,2555,19617,45101,8974,7321,81013,566743,64718,2520,1596
"2020-04-07",16885,2487,19372,46352,9894,7643,83261,596114,65724,2248,1006
"2020-04-08",16766,2436,19202,47515,11344,7947,86008,639568,66717,2747,993
"2020-04-09",16603,2369,18972,48831,12764,8257,88824,676416,67803,2816,1086
"2020-04-10",16365,2295,18660,50083,14175,8611,91529,720539,68743,2705,940
"2020-04-11",16118,2207,18325,51686,15711,8957,94679,767171,70011,3150,1268
"2020-04-12",15878,2167,18045,52943,17045,9278,97311,804361,70988,2632,977
"2020-04-13",15995,2117,18112,53569,17957,9564,99202,835818,71681,1891,693
"2020-04-14",15934,2064,17998,53930,19309,9925,101162,858819,71928,1960,247
"2020-04-15",15600,2005,17605,54892,20237,10268,103002,895436,72497,1840,569
"2020-04-16",15537,1904,17441,56076,21768,10562,105847,945729,73517,2845,1020
"2020-04-17",15159,1841,17000,56528,23877,10894,108299,1000595,73528,2452,11
"2020-04-18",14965,1786,16751,56825,25791,11177,110544,1050502,73576,2245,48
"2020-04-19",14691,1713,16404,57356,27529,11447,112736,1092386,73760,2192,184
"2020-04-20",14768,1672,16440,57210,28869,11738,114257,1127538,73650,1521,-110
"2020-04-21",14329,1620,15949,57782,30226,12069,116026,1172953,73731,1769,81
"2020-04-22",14113,1567,15680,57777,32433,12345,118235,1222552,73457,2209,-274
"2020-04-23",13679,1477,15156,57819,34224,12609,119808,1277194,72975,1573,-482
"2020-04-24",13277,1417,14694,57465,36716,12863,121738,1328058,72159,1930,-816
"2020-04-25",13044,1378,14422,56952,38893,13115,123382,1380803,71374,1644,-785
"2020-04-26",12891,1303,14194,56743,40530,13319,124786,1419862,70937,1404,-437
"2020-04-27",12828,1276,14104,56268,42035,13528,125935,1446812,70372,1149,-565
"2020-04-28",12443,1208,13651,55810,43912,13784,127157,1495511,69461,1222,-911
"2020-04-29",12090,1161,13251,55284,45919,14003,128457,1544866,68535,1300,-926
"2020-04-30",11315,1089,12404,52936,50196,14195,129731,1602274,65340,1274,-3195
"2020-05-01",10941,1015,11956,52514,52113,14376,130959,1662781,64470,1228,-870
"2020-05-02",10828,994,11822,52215,53768,14521,132326,1705135,64037,1367,-433
"2020-05-03",10633,969,11602,51651,55283,14653,133189,1742915,63253,863,-784
"2020-05-04",10409,947,11356,51317,56375,14785,133833,1772568,62673,644,-580
"2020-05-05",10069,918,10987,50388,58107,14926,134408,1821376,61375,575,-1298
"2020-05-06",9690,853,10543,49232,60240,15073,135088,1871123,59775,680,-1600
"2020-05-07",9326,831,10157,47452,62947,15213,135769,1925994,57609,681,-2166
"2020-05-08",8934,768,9702,46276,65122,15362,136462,1978776,55978,693,-1631
"2020-05-09",8299,704,9003,45577,66992,15471,137043,2036469,54580,581,-1398
"2020-05-10",8190,679,8869,44265,68855,15574,137563,2080778,53134,520,-1446
"2020-05-11",8142,658,8800,43277,70181,15685,137943,2114010,52077,380,-1057
"2020-05-12",7643,630,8273,42318,71926,15795,138312,2160411,50591,369,-1486
"2020-05-13",7165,586,7751,40674,74460,15921,138806,2211465,48425,494,-2166
"2020-05-14",6635,558,7193,39291,76720,16072,139276,2269261,46484,470,-1941
"2020-05-15",6087,532,6619,37705,79243,16199,139766,2325275,44324,490,-2160
"2020-05-16",5879,507,6386,36122,81421,16313,140242,2380309,42508,476,-1816
"2020-05-17",5831,507,6338,34583,83281,16389,140591,2428601,40921,349,-1587
"2020-05-18",5725,497,6222,33258,84923,16464,140867,2459929,39480,276,-1441
"2020-05-19",5565,472,6037,31801,86808,16572,141218,2508169,37838,351,-1642
"2020-05-20",5343,445,5788,30293,88840,16668,141589,2563856,36081,371,-1757
"2020-05-21",5150,414,5564,28681,90911,16759,141915,2620833,34245,326,-1836
"2020-05-22",4929,388,5317,28072,92053,16832,142274,2677185,33389,359,-856
"2020-05-23",4669,373,5042,27080,93485,16895,142502,2732404,32122,228,-1267
"2020-05-24",4596,356,4952,26028,94823,16945,142748,2776771,30980,246,-1142
"2020-05-25",4464,345,4809,25276,95812,17003,142900,2806371,30085,152,-895
"2020-05-26",4295,338,4633,23832,97614,17059,143138,2854869,28465,238,-1620
"2020-05-27",4103,330,4433,22496,99291,17118,143338,2909690,26929,200,-1536
"2020-05-28",3909,316,4225,20848,101308,17168,143549,2970076,25073,211,-1856
"2020-05-29",3542,302,3844,19648,103002,17217,143711,3028133,23492,162,-1581
"2020-05-30",3373,278,3651,18231,104763,17261,143906,3083174,21882,195,-1610
"2020-05-31",3256,265,3521,17558,105647,17303,144029,3124865,21079,123,-803
"2020-06-01",3014,257,3271,17235,106329,17344,144179,3152687,20506,128,-573
