"data","ricoverati_con_sintomi","terapia_intensiva","totale_ospedalizzati","isolamento_domiciliare","dimessi_guariti","deceduti","totale_casi","tamponi","totale_positivi","nuovi_positivi","variazione_totale_positivi"
"2020-02-24",25,7,32,23,1,1,57,2861,55,55,0
"2020-02-25",35,10,45,35,1,1,82,4923,80,25,25
"2020-02-26",49,11,60,76,3,3,142,6379,136,60,56
"2020-02-27",76,15,91,148,5,3,247,8694,239,105,103
"2020-02-28",110,17,127,220,6,4,357,10860,347,110,108
"2020-02-29",145,25,170,327,10,6,513,12938,497,156,150
"2020-03-01",233,34,267,423,10,10,710,14248,690,197,193
"2020-03-02",264,39,303,455,10,14,782,15420,758,72,68
"2020-03-03",336,62,398,539,21,24,982,16279,937,200,179
"2020-03-04",469,86,555,654,26,34,1269,17699,1209,287,272
"2020-03-05",621,107,728,791,38,50,1607,20008,1519,338,310
"2020-03-06",772,153,925,983,54,62,2024,22803,1908,417,389
"2020-03-07",990,208,1198,1121,65,79,2463,26284,2319,439,411
"2020-03-08",1340,251,1591,1424,72,99,3186,31403,3015,723,696
"2020-03-09",1514,293,1807,1688,78,130,3703,33691,3495,517,480
"2020-03-10",1719,411,2130,1957,108,163,4358,39282,4087,655,592
"2020-03-11",1986,468,2454,2373,145,210,5182,47525,4827,824,740
"2020-03-12",2403,548,2951,2992,173,272,6388,56477,5943,1206,1116
"2020-03-13",2991,678,3669,3554,241,376,7840,64788,7223,1452,1280
"2020-03-14",3474,786,4260,4431,306,475,9472,72032,8691,1632,1468
"2020-03-15",4163,905,5068,5492,324,591,11475,84530,10560,2003,1869
"2020-03-16",4854,1028,5882,6330,381,738,13331,94397,12212,1856,1652
"2020-03-17",5941,1181,7122,6845,456,863,15286,102208,13967,1955,1755
"2020-03-18",7078,1333,8411,8033,537,1019,18000,116558,16444,2714,2477
"2020-03-19",8370,1492,9862,9390,662,1237,21151,130533,19252,3151,2808
"2020-03-20",8285,1605,9890,12550,834,1483,24757,149712,22440,3606,3188
"2020-03-21",9450,1764,11214,14097,1022,1730,28063,166492,25311,3306,2871
"2020-03-22",10407,1867,12274,16479,1159,2020,31932,187804,28753,3869,3442
"2020-03-23",11426,2021,13447,18061,1357,2301,35166,202226,31508,3234,2755
"2020-03-24",12226,2202,14428,19734,1669,2642,38473,220269,34162,3307,2654
"2020-03-25",13086,2253,15339,21591,2081,3029,42040,242779,36930,3567,2768
"2020-03-26",14072,2349,16421,23403,2522,3304,45650,273347,39824,3610,2894
"2020-03-27",14892,2440,17332,25187,2949,3732,49200,298219,42519,3550,2695
"2020-03-28",15524,2537,18061,27495,3422,4079,53057,327023,45556,3857,3037
"2020-03-29",15773,2578,18351,30137,3775,4419,56682,346632,48488,3625,2932
"2020-03-30",15980,2651,18631,31891,4283,4773,59578,366302,50522,2896,2034
"2020-03-31",16309,2699,19008,33503,4844,5229,62584,392328,52511,3006,1989
"2020-04-01",16476,2693,19169,35638,5432,5562,65801,419974,54807,3217,2296
"2020-04-02",16778,2702,19480,37693,6049,5955,69177,452946,57173,3376,2366
"2020-04-03",16939,2687,19626,39573,6738,6370,72307,484798,59199,3130,2026
"2020-04-04",17008,2668,19676,41378,7754,6706,75514,515347,61054,3207,1855
"2020-04-05",16940,2660,19600,43522,8389,6982,78493,541477,63122,2979,2068
"2020-04-06",17062,2555,19617,45101,8974,7321,81013,566743,64718,2520,1596
"2020-04-07",16885,2487,19372,46352,9894,7643,83261,596114,65724,2248,1006
"2020-04-08",16766,2436,19202,47515,11344,7947,86008,639568,66717,2747,993
"2020-04-09",16603,2369,18972,48831,12764,8257,88824,676416,67803,2816,1086
"2020-04-10",16365,2295,18660,50083,14175,8611,91529,720539,68743,2705,940
"2020-04-11",16118,2207,18325,51686,15711,8957,94679,767171,70011,3150,1268
"2020-04-12",15878,2167,18045,52943,17045,9278,97311,804361,70988,2632,977
"2020-04-13",15995,2117,18112,53569,17957,9564,99202,835818,71681,1891,693
"2020-04-14",15934,2064,17998,53930,19309,9925,101162,858819,71928,1960,247
"2020-04-15",15600,2005,17605,54892,20237,10268,103002,895436,72497,1840,569
"2020-04-16",15537,1904,17441,56076,21768,10562,105847,945729,73517,2845,1020
"2020-04-17",15159,1841,17000,56528,23877,10894,108299,1000595,73528,2452,11
"2020-04-18",14965,1786,16751,56825,25791,11177,110544,1050502,73576,2245,48
"2020-04-19",14691,1713,16404,57356,27529,11447,112736,1092386,73760,2192,184
"2020-04-20",14768,1672,16440,57210,28869,11738,114257,1127538,73650,1521,-110
"2020-04-21",14329,1620,15949,57782,30226,12069,116026,1172953,73731,1769,81
"2020-04-22",14113,1567,15680,57777,32433,12345,118235,1222552,73457,2209,-274
"2020-04-23",13679,1477,15156,57819,34224,12609,119808,1277194,72975,1573,-482
"2020-04-24",13277,1417,14694,57465,36716,12863,121738,1328058,72159,1930,-816
"2020-04-25",13044,1378,14422,56952,38893,13115,123382,1380803,71374,1644,-785
"2020-04-26",12891,1303,14194,56743,40530,13319,124786,1419862,70937,1404,-437
"2020-04-27",12828,1276,14104,56268,42035,13528,125935,1446812,70372,1149,-565
"2020-04-28",12443,1208,13651,55810,43912,13784,127157,1495511,69461,1222,-911
"2020-04-29",12090,1161,13251,55284,45919,14003,128457,1544866,68535,1300,-926
"2020-04-30",11315,1089,12404,52936,50196,14195,129731,1602274,65340,1274,-3195
"2020-05-01",10941,1015,11956,52514,52113,14376,130959,1662781,64470,1228,-870
"2020-05-02",10828,994,11822,52215,53768,14521,132326,1705135,64037,1367,-433
"2020-05-03",10633,969,11602,51651,55283,14653,133189,1742915,63253,863,-784
"2020-05-04",10409,947,11356,51317,56375,14785,133833,1772568,62673,644,-580
"2020-05-05",10069,918,10987,50388,58107,14926,134408,1821376,61375,575,-1298
"2020-05-06",9690,853,10543,49232,60240,15073,135088,1871123,59775,680,-1600
"2020-05-07",9326,831,10157,47452,62947,15213,135769,1925994,57609,681,-2166
"2020-05-08",8934,768,9702,46276,65122,15362,136462,1978776,55978,693,-1631
"2020-05-09",8299,704,9003,45577,66992,15471,137043,2036469,54580,581,-1398
"2020-05-10",8190,679,8869,44265,68855,15574,137563,2080778,53134,520,-1446
"2020-05-11",8142,658,8800,43277,70181,15685,137943,2114010,52077,380,-1057
"2020-05-12",7643,630,8273,42318,71926,15795,138312,2160411,50591,369,-1486
"2020-05-13",7165,586,7751,40674,74460,15921,138806,2211465,48425,494,-2166
"2020-05-14",6635,558,7193,39291,76720,16072,139276,2269261,46484,470,-1941
"2020-05-15",6087,532,6619,37705,79243,16199,139766,2325275,44324,490,-2160
"2020-05-16",5879,507,6386,36122,81421,16313,140242,2380309,42508,476,-1816
"2020-05-17",5831,507,6338,34583,83281,16389,140591,2428601,40921,349,-1587
"2020-05-18",5725,497,6222,33258,84923,16464,140867,2459929,39480,276,-1441
"2020-05-19",5565,472,6037,31801,86808,16572,141218,2508169,37838,351,-1642
"2020-05-20",5343,445,5788,30293,88840,16668,141589,2563856,36081,371,-1757
"2020-05-21",5150,414,5564,28681,90911,16759,141915,2620833,34245,326,-1836
"2020-05-22",4929,388,5317,28072,92053,16832,142274,2677185,33389,359,-856
"2020-05-23",4669,373,5042,27080,93485,16895,142502,2732404,32122,228,-1267
"2020-05-24",4596,356,4952,26028,94823,16945,142748,2776771,30980,246,-1142
"2020-05-25",4464,345,4809,25276,95812,17003,142900,2806371,30085,152,-895
"2020-05-26",4295,338,4633,23832,97614,17059,143138,2854869,28465,238,-1620
"2020-05-27",4103,330,4433,22496,99291,17118,143338,2909690,26929,200,-1536
"2020-05-28",3909,316,4225,20848,101308,17168,143549,2970076,25073,211,-1856
"2020-05-29",3542,302,3844,19648,103002,17217,143711,3028133,23492,162,-1581
"2020-05-30",3373,278,3651,18231,104763,17261,143906,3083174,21882,195,-1610
"2020-05-31",3256,265,3521,17580,105647,17303,144051,3124865,21101,145,-781
"2020-06-01",3014,257,3271,17235,106329,17344,144179,3152687,20506,128,-595
"2020-06-02",2895,242,3137,16501,107285,17387,144310,3196170,19638,131,-868
"2020-06-03",2747,222,2969,16104,107892,17429,144394,3222114,19073,84,-565
"2020-06-04",2549,213,2762,15443,108794,17488,144487,3268657,18205,93,-868
"2020-06-05",2341,196,2537,14586,109928,17552,144603,3314296,17123,116,-1082
"2020-06-06",2162,183,2345,14033,110756,17597,144731,3373085,16378,128,-745
"2020-06-07",2063,180,2243,13599,111332,17629,144803,3414558,15842,72,-536
"2020-06-08",2021,176,2197,13214,111816,17662,144889,3437182,15411,86,-431
"2020-06-09",1921,167,2088,12487,112679,17726,144980,3482337,14575,91,-836
"2020-06-10",1755,151,1906,11947,113465,17765,145083,3535731,13853,103,-722
"2020-06-11",1643,139,1782,11515,114120,17793,145210,3584827,13297,127,-556
"2020-06-12",1536,130,1666,10307,115310,17818,145101,3640610,11973,-109,-1324
"2020-06-13",1495,124,1619,9081,116664,17873,145237,3680886,10700,136,-1273
"2020-06-14",1478,115,1593,8692,117150,17896,145331,3728077,10285,94,-415
"2020-06-15",1471,113,1584,8349,117526,17914,145373,3749547,9933,44,-352
"2020-06-16",1399,108,1507,7829,118165,17939,145440,3789385,9336,67,-597
"2020-06-17",1317,104,1421,7532,118605,17968,145526,3855527,8953,87,-383
"2020-06-18",1194,108,1302,7152,119189,17998,145641,3902206,8454,117,-499
"2020-06-19",1095,101,1196,6302,119811,18027,145336,3949283,7498,94,-956
"2020-06-20",1073,98,1171,6130,120081,18053,145435,3994691,7301,97,-197
"2020-06-21",1054,95,1149,5980,120338,18064,145531,4027411,7129,96,-172
"2020-06-22",991,76,1067,5932,120526,18084,145609,4048607,6999,75,-130
"2020-06-23",943,64,1007,5663,120894,18096,145660,4082106,6670,60,-329
"2020-06-24",918,59,977,5451,121663,18058,146149,4126273,6428,102,-242
"2020-06-25",893,55,948,5363,121894,18070,146275,4172502,6311,126,-117
"2020-06-26",855,58,913,5085,122292,18084,146374,4211169,5998,103,-313
"2020-06-27",845,54,899,4945,122538,18090,146472,4262952,5844,98,-154
"2020-06-28",837,55,892,4842,122716,18099,146549,4292179,5734,77,-110
"2020-06-29",799,53,852,4821,122820,18104,146597,4311406,5673,48,-61
"2020-06-30",793,51,844,4659,123051,18123,146677,4353562,5503,80,-170
"2020-07-01",748,46,794,4523,123295,18138,146750,4400501,5317,78,-186
"2020-07-02",722,41,763,4470,123473,18147,146853,4444304,5233,103,-84
"2020-07-03",715,38,753,4454,123596,18158,146961,4484642,5207,108,-26
"2020-07-04",709,35,744,4451,123743,18163,147101,4526493,5195,140,-12
"2020-07-05",715,38,753,4444,123834,18164,147195,4555183,5197,94,2
"2020-07-06",713,36,749,4468,123906,18169,147292,4571494,5217,97,20
"2020-07-07",711,34,745,4423,124022,18186,147376,4611333,5168,85,-49
"2020-07-08",688,37,725,4410,124174,18189,147498,4651101,5135,122,-33
"2020-07-09",670,38,708,4394,124295,18196,147593,4691841,5102,110,-33
"2020-07-10",654,38,692,4395,124445,18202,147734,4728289,5087,141,-15
"2020-07-11",653,38,691,4400,124559,18205,147855,4767165,5091,121,4
"2020-07-12",616,37,653,4522,124631,18206,148012,4795879,5175,157,84
"2020-07-13",600,35,635,4511,124731,18210,148087,4813330,5146,75,-29
"2020-07-14",601,33,634,4333,124980,18224,148171,4849561,4967,84,-179
"2020-07-15",620,34,654,4304,125080,18232,148270,4887584,4958,100,-9
"2020-07-16",586,30,616,4348,125214,18242,148420,4927289,4964,150,6
"2020-07-17",612,28,640,4395,125311,18250,148596,4968145,5035,178,71
"2020-07-18",608,28,636,4477,125390,18254,148757,5007356,5113,161,78
"2020-07-19",595,27,622,4578,125485,18257,148942,5035842,5200,186,87
"2020-07-20",594,26,620,4643,125551,18262,149076,5055807,5263,134,63
"2020-07-21",581,28,609,4629,125656,18276,149170,5092944,5238,95,-25
"2020-07-22",575,31,606,4741,125768,18284,149399,5136901,5347,231,109
"2020-07-23",574,32,606,4857,125869,18291,149623,5182126,5463,224,116
"2020-07-24",569,29,598,4944,125984,18296,149822,5225600,5542,199,79
"2020-07-25",583,28,611,5056,126049,18301,150017,5266546,5667,196,125
"2020-07-26",596,31,627,5167,126097,18306,150197,5299015,5794,181,127
"2020-07-27",603,31,634,5222,126164,18311,150331,5320574,5856,136,62
"2020-07-28",598,27,625,5306,126228,18321,150480,5362418,5931,159,75
"2020-07-29",577,25,602,5451,126342,18327,150722,5409778,6053,243,122
"2020-07-30",597,34,631,5564,126491,18330,151016,5460429,6195,298,142
"2020-07-31",568,34,602,5809,126572,18335,151318,5513025,6411,302,216
"2020-08-01",547,34,581,5921,126717,18339,151558,5564989,6502,240,91
"2020-08-02",555,33,588,6047,126784,18339,151758,5600546,6635,201,133
"2020-08-03",572,32,604,6075,126865,18348,151892,5620374,6679,134,44
"2020-08-04",601,32,633,6097,126956,18352,152038,5658466,6730,146,51
"2020-08-05",600,30,630,6193,127104,18357,152284,5705657,6823,246,93
"2020-08-06",594,31,625,6341,127243,18358,152567,5755351,6966,284,143
"2020-08-07",609,33,642,6637,127410,18361,153050,5806419,7279,483,313
"2020-08-08",609,34,643,6763,127544,18371,153321,5853335,7406,271,127
"2020-08-09",608,36,644,7031,127666,18372,153713,5884478,7675,392,269
"2020-08-10",629,37,666,7155,127744,18376,153941,5901567,7821,228,146
"2020-08-11",641,39,680,7367,127856,18382,154285,5937672,8047,344,226
"2020-08-12",614,43,657,7613,127997,18392,154659,5982370,8270,379,223
"2020-08-13",616,44,660,7882,128169,18396,155107,6026384,8542,449,272
"2020-08-14",618,44,662,8210,128314,18398,155584,6065643,8872,477,330
"2020-08-15",615,43,658,8391,128515,18555,156119,6111738,9049,535,177
"2020-08-16",640,43,683,8673,128623,18556,156535,6143663,9356,418,307
"2020-08-17",663,44,707,8825,128720,18560,156812,6170155,9532,277,176
"2020-08-18",693,44,737,9038,128823,18565,157163,6218583,9775,353,243
"2020-08-19",715,52,767,9271,129108,18568,157714,6280678,10038,551,263
"2020-08-20",728,52,780,9811,129237,18572,158400,6344363,10591,691,553
"2020-08-21",770,52,822,10362,129414,18575,159173,6405656,11184,773,593
"2020-08-22",776,50,826,11101,129554,18578,160059,6470373,11927,886,743
"2020-08-23",823,55,878,11778,129792,18581,161029,6524081,12656,971,729
"2020-08-24",892,50,942,12389,129957,18584,161872,6562273,13331,843,675
"2020-08-25",900,51,951,12976,130114,18588,162629,6624735,13927,759,596
"2020-08-26",897,52,949,13835,130341,18601,163726,6701703,14784,1098,857
"2020-08-27",958,53,1011,14696,130536,18606,164849,6777763,15707,1125,923
"2020-08-28",1006,57,1063,15518,130800,18612,165993,6855107,16581,1146,874
"2020-08-29",983,61,1044,16467,131024,18613,167148,6935514,17511,1155,930
"2020-08-30",1057,66,1123,17253,131288,18614,168278,6999374,18376,1130,865
"2020-08-31",1093,72,1165,17961,131395,18618,169139,7048026,19126,861,750
"2020-09-01",1168,86,1254,18418,131576,18624,169872,7112876,19672,736,546
"2020-09-02",1217,87,1304,19235,131794,18628,170961,7198753,20539,1089,867
"2020-09-03",1280,93,1373,20097,132023,18637,172130,7277466,21470,1169,931
"2020-09-04",1363,95,1458,20972,132453,18642,173525,7363227,22430,1396,960
"2020-09-05",1375,98,1473,21799,132902,18656,174830,7447476,23272,1306,842
"2020-09-06",1435,108,1543,22504,133221,18661,175929,7512215,24047,1099,775
"2020-09-07",1477,116,1593,23290,133420,18667,176970,7555680,24883,999,836
"2020-09-08",1512,116,1628,23940,133825,18675,178068,7627302,25568,1099,685
"2020-09-09",1526,123,1649,24761,134184,18686,179280,7701924,26410,1216,842
"2020-09-10",1580,134,1714,25542,134681,18695,180632,7778719,27256,1352,846
"2020-09-11",1603,148,1751,26425,135114,18701,181991,7859613,28176,1359,920
"2020-09-12",1700,155,1855,27081,135580,18707,183223,7935826,28936,1232,760
"2020-09-13",1790,159,1949,27771,135983,18711,184414,7995125,29720,1193,784
"2020-09-14",1860,169,2029,28310,136235,18723,185297,8032503,30339,883,619
"2020-09-15",1959,172,2131,28782,136707,18730,186350,8093621,30913,1053,574
"2020-09-16",2021,177,2198,29530,137175,18740,187643,8176397,31728,1293,815
"2020-09-17",2076,180,2256,30223,137714,18752,188945,8256463,32479,1304,751
"2020-09-18",2103,176,2279,31151,138438,18760,190628,8339474,33430,1683,951
"2020-09-19",2109,179,2288,31938,139021,18775,192022,8420976,34226,1395,796
"2020-09-20",2101,184,2285,32806,139522,18785,193398,8489478,35091,1376,865
"2020-09-21",2192,196,2388,33615,139854,18801,194658,8535377,36003,1260,912
"2020-09-22",2310,205,2515,33947,140592,18813,195867,8607872,36462,1210,459
"2020-09-23",2350,211,2561,34449,141468,18833,197311,8688763,37010,1444,548
"2020-09-24",2428,215,2643,35089,142290,18846,198868,8775413,37732,1557,722
"2020-09-25",2437,214,2651,35896,143092,18864,200503,8862251,38547,1635,815
"2020-09-26",2434,217,2651,36855,143733,18877,202116,8947501,39506,1613,959
"2020-09-27",2544,223,2767,37614,144396,18889,203666,9018648,40381,1550,875
"2020-09-28",2671,233,2904,38085,145149,18903,205041,9061824,40989,1375,608
"2020-09-29",2733,238,2971,38560,146030,18924,206485,9138218,41531,1445,542
"2020-09-30",2741,246,2987,39216,146992,18939,208134,9224978,42203,1650,672
"2020-10-01",2799,256,3055,40425,147920,18958,210358,9318523,43480,2224,1277
"2020-10-02",2840,255,3095,41736,148742,18977,212550,9418982,44831,2192,1351
"2020-10-03",2912,255,3167,43237,149597,18999,215000,9519054,46404,2451,1573
"2020-10-04",2991,264,3255,44813,150181,19015,217264,9596973,48068,2264,1664
"2020-10-05",3182,282,3464,45907,150870,19029,219270,9649139,49371,2006,1303
"2020-10-06",3305,279,3584,47041,151915,19057,221597,9732861,50625,2327,1254
"2020-10-07",3443,297,3740,48959,152972,19083,224754,9836606,52699,3158,2074
"2020-10-08",3564,317,3881,51665,153879,19104,228529,9942635,55546,3775,2847
"2020-10-09",3715,343,4058,54924,154805,19131,232918,10046483,58982,4389,3436
"2020-10-10",3928,346,4274,58533,155537,19158,237502,10156657,62807,4584,3825
"2020-10-11",4086,372,4458,61768,156519,19181,241926,10245725,66226,4424,3419
"2020-10-12",4358,402,4760,64625,157247,19217,245849,10317233,69385,3923,3159
"2020-10-13",4530,452,4982,67955,158478,19252,250667,10412591,72937,4821,3552
"2020-10-14",4825,475,5300,71927,159650,19278,256155,10535739,77227,5488,4290
"2020-10-15",5070,514,5584,76632,161340,19335,262891,10666164,82216,6737,4989
"2020-10-16",5344,567,5911,82273,162914,19383,270481,10785954,88184,7591,5968
"2020-10-17",5674,609,6283,89027,164015,19417,278742,10922738,95310,8261,7126
"2020-10-18",6066,640,6706,96237,165064,19465,287472,11038298,102943,8730,7633
"2020-10-19",6540,684,7224,102145,166221,19532,295122,11122583,109369,7651,6426
"2020-10-20",7186,747,7933,108502,167933,19602,303970,11245594,116435,8851,7066
"2020-10-21",7536,792,8328,117224,169783,19709,315044,11387026,125552,11074,9117
"2020-10-22",8009,836,8845,126939,171397,19816,326997,11521703,135784,11954,10232
"2020-10-23",8536,865,9401,138651,173272,19900,341224,11666772,148052,14227,12268
"2020-10-24",9134,915,10049,150448,175411,20000,355908,11811692,160497,14688,12445
"2020-10-25",9680,977,10657,163601,177058,20103,371419,11938287,174258,15511,13761
"2020-10-26",10538,1042,11580,174779,178270,20227,384856,12041649,186359,13442,12101
"2020-10-27",11240,1140,12380,187826,181214,20390,401810,12186087,200206,16959,13847
"2020-10-28",11909,1244,13153,201898,183641,20548,419240,12343779,215051,17433,14845
"2020-10-29",12609,1306,13915,217392,186715,20708,438730,12502547,231307,19492,16256
"2020-10-30",13296,1376,14672,235885,189433,20859,460849,12670740,250557,22124,19250
"2020-10-31",13933,1451,15384,253991,193228,21083,483686,12839845,269375,22839,18818
"2020-11-01",14656,1521,16177,271877,195693,21237,504984,12983644,288054,21300,18679
"2020-11-02",15434,1587,17021,285073,198441,21424,521959,13095288,302094,16975,14040
"2020-11-03",16374,1750,18124,301452,202160,21660,543396,13245238,319576,21440,17482
"2020-11-04",17098,1785,18883,319619,205768,21899,566186,13413353,338502,22792,18926
"2020-11-05",17938,1869,19807,340017,209837,22205,591866,13591693,359824,25683,21322
"2020-11-06",18442,1945,20387,361365,215462,22520,619734,13779537,381752,27875,21928
"2020-11-07",19296,2024,21320,383587,220310,22837,648054,13965111,404907,28322,23155
"2020-11-08",20215,2099,22314,403912,225073,23051,674350,14118067,426226,26298,21319
"2020-11-09",21222,2179,23401,418474,229659,23308,694842,14244671,441875,20494,15649
"2020-11-10",21951,2263,24214,430391,240613,23759,718977,14415235,454605,24143,12730
"2020-11-11",22537,2317,24854,446586,248088,24230,743758,14588163,471440,24781,16835
"2020-11-12",22826,2388,25214,467047,255504,24679,772444,14779902,492261,28687,20821
"2020-11-13",23595,2429,26024,486633,264944,25111,802712,14979174,512657,30268,20396
"2020-11-14",23777,2489,26266,505890,274179,25497,831832,15171319,532156,29126,19499
"2020-11-15",24266,2585,26851,523098,281938,25862,857749,15327892,549949,25919,17793
"2020-11-16",24635,2637,27272,538173,289261,26267,880973,15462518,565445,23226,15496
"2020-11-17",24923,2718,27641,549602,300677,26796,904716,15632693,577243,23743,11798
"2020-11-18",25181,2767,27948,563137,312911,27367,931363,15829427,591085,26649,13842
"2020-11-19",25319,2797,28116,577975,326140,27855,960086,16042018,606091,28723,15006
"2020-11-20",25653,2818,28471,589064,342190,28379,988104,16237847,617535,28021,11444
"2020-11-21",25749,2822,28571,600490,356052,28902,1014015,16430778,629061,25914,11526
"2020-11-22",25888,2852,28740,612801,366418,29299,1037258,16589725,641541,23243,12480
"2020-11-23",26366,2865,29231,617700,378176,29789,1054896,16705808,646931,17641,5390
"2020-11-24",26217,2884,29101,620525,393155,30456,1073237,16863434,649626,18346,2695
"2020-11-25",26199,2906,29105,624563,409225,31023,1093916,17051378,653668,20680,4042
"2020-11-26",26042,2912,28954,626490,430138,31638,1117220,17239858,655444,23306,1776
"2020-11-27",25815,2857,28672,628666,450551,32284,1140173,17421730,657338,22963,1894
"2020-11-28",25683,2843,28526,630467,470029,32851,1161873,17610384,658993,21708,1655
"2020-11-29",25479,2846,28325,634819,482915,33257,1179316,17758884,663144,17445,4151
"2020-11-30",25754,2838,28592,634471,496979,33721,1193763,17872421,663063,14448,-81
"2020-12-01",25469,2787,28256,630656,515893,34257,1209062,18019710,658912,15302,-4151
"2020-12-02",25232,2761,27993,614441,549146,34766,1226346,18190776,642434,17284,-16478
"2020-12-03",24747,2761,27508,614143,568751,35412,1245814,18374552,641651,19474,-783
"2020-12-04",24408,2745,27153,613847,588312,36079,1265391,18545017,641000,19566,-651
"2020-12-05",23604,2712,26316,612097,608252,36630,1283295,18708808,638413,17904,-2587
"2020-12-06",24019,2647,26666,612261,623788,37054,1299769,18846332,638927,16474,514
"2020-12-07",24162,2601,26763,606056,641541,37526,1311886,18940792,632819,12158,-6108
"2020-12-08",23894,2578,26472,599224,661339,38032,1325067,19073748,625696,13186,-7123
"2020-12-09",23926,2554,26480,594132,677515,38462,1336589,19178048,620612,11523,-5084
"2020-12-10",23475,2543,26018,583266,703033,39177,1351494,19325405,609284,14906,-11328
"2020-12-11",23145,2532,25677,577197,724602,39806,1367282,19482950,602874,15789,-6410
"2020-12-12",22777,2482,25259,574523,744296,40370,1384448,19650236,599782,17167,-3092
"2020-12-13",22576,2444,25020,574662,759658,40710,1400050,19777410,599682,15603,-100
"2020-12-14",22712,2410,25122,571666,773208,41134,1411130,19869677,596788,11085,-2894
"2020-12-15",22346,2347,24693,562730,794276,41866,1423565,20006432,587423,12440,-9365
"2020-12-16",21951,2297,24248,551725,819726,42440,1438139,20168316,575973,14578,-11450
"2020-12-17",21634,2244,23878,543424,843285,43055,1453642,20089219,567302,15506,-8671
"2020-12-18",21113,2217,23330,536258,863042,43669,1466299,20235173,559588,15248,-7714
"2020-12-19",20869,2192,23061,529452,884030,44117,1480660,20384314,552513,14364,-7075
"2020-12-20",20817,2160,22977,531002,895568,44420,1493967,20499313,553979,13309,1466
"2020-12-21",20913,2170,23083,529185,906824,44794,1503886,20576615,552268,9922,-1711
"2020-12-22",20658,2147,22805,522006,924783,45330,1514924,20702381,544811,11040,-7457
"2020-12-23",20303,2088,22391,516186,942317,45785,1526679,20853319,538577,12369,-6234
"2020-12-24",19892,2068,21960,513764,960115,46223,1542062,21014802,535724,15384,-2853
"2020-12-25",19426,2062,21488,499688,990718,46577,1558471,21139194,521176,16409,-14548
"2020-12-26",19473,2067,21540,499781,999164,46809,1567294,21205421,521321,8825,145
"2020-12-27",19770,2072,21842,500591,1006250,47058,1575741,21260399,522433,8447,1112
"2020-12-28",20141,2053,22194,498262,1015832,47461,1583749,21323594,520456,8012,-1977
"2020-12-29",20028,2051,22079,492231,1031735,48071,1594116,21440727,514310,10381,-6146
"2020-12-30",19949,2047,21996,489403,1048680,48566,1608645,21585894,511399,14529,-2911
"2020-12-31",19714,2066,21780,493493,1063954,49036,1628263,21739040,515273,19618,3874
"2021-01-01",19470,2066,21536,497919,1078544,49418,1647417,21871097,519455,19155,4182
"2021-01-02",19655,2078,21733,499319,1087084,49704,1657840,21926513,521052,10429,1597
"2021-01-03",19808,2094,21902,497357,1101102,50015,1670376,22016278,519259,12536,-1793
"2021-01-04",20090,2095,22185,495586,1112204,50336,1680311,22086110,517771,9937,-1488
"2021-01-05",20051,2094,22145,494699,1126581,50923,1694348,22208426,516844,14040,-927
"2021-01-06",19750,2100,21850,494171,1144322,51379,1711722,22358560,516021,17379,-823
"2021-01-07",19928,2114,22042,494771,1158767,51759,1727339,22459504,516813,15221,792
"2021-01-08",19877,2121,21998,493714,1174947,52246,1742905,22581356,515712,15570,-1101
"2021-01-09",19683,2137,21820,495585,1190304,52666,1760375,22728628,517405,17472,1693
"2021-01-10",19829,2156,21985,500149,1200631,52968,1775733,22843375,522134,15360,4729
"2021-01-11",20081,2180,22261,499211,1211949,53354,1786775,22921675,521472,11044,-662
"2021-01-12",20071,2170,22241,493384,1230330,53916,1799871,23047352,515625,13096,-5847
"2021-01-13",19874,2117,21991,487820,1249216,54372,1813399,23190901,509811,13529,-5814
"2021-01-14",19496,2089,21585,483695,1267953,54822,1828055,23322841,505280,14659,-4531
"2021-01-15",19240,2056,21296,479618,1285849,55231,1841994,23562400,500914,13941,-4366
"2021-01-16",19120,2066,21186,478533,1300823,55628,1856170,23788487,499719,14176,-1195
"2021-01-17",19147,2051,21198,476034,1313939,55940,1867111,23974514,497232,10942,-2487
"2021-01-18",19331,2095,21426,472069,1324980,56272,1874747,24116850,493495,7636,-3737
"2021-01-19",19080,2062,21142,460921,1345432,56818,1884313,24346791,482063,9567,-11432
"2021-01-20",18819,2033,20852,449003,1368874,57276,1896005,24587960,469855,11695,-12208
"2021-01-21",18401,2007,20408,443105,1386571,57742,1907826,24817814,463513,11844,-6342
"2021-01-22",18112,1982,20094,428744,1412496,58156,1919490,25048486,448838,11664,-14675
"2021-01-23",17904,1988,19892,426474,1426380,58540,1931286,25303008,446366,11796,-2472
"2021-01-24",17881,1995,19876,426398,1436470,58795,1941539,25496037,446274,10254,-92
"2021-01-25",18012,2014,20026,421627,1447792,59169,1948614,25604191,441653,7078,-4621
"2021-01-26",17825,1980,19805,413644,1464886,59633,1957968,25836438,433449,9363,-8204
"2021-01-27",17588,1975,19563,409368,1481897,60038,1970866,26085399,428931,12911,-4518
"2021-01-28",17241,1917,19158,405620,1497403,60442,1982623,26319301,424778,11769,-4153
"2021-01-29",16907,1891,18798,399512,1515134,60842,1994286,26553895,418310,11674,-6468
"2021-01-30",16644,1841,18485,394726,1530751,61205,2005167,26812443,413211,10883,-5099
"2021-01-31",16593,1853,18446,384445,1550669,61418,2014978,27001313,402891,9814,-10320
"2021-02-01",16771,1881,18652,380462,1561001,61695,2021810,27126581,399114,6832,-3777
"2021-02-02",16773,1853,18626,372580,1577213,62130,2030549,27348311,391206,8748,-7908
"2021-02-03",16517,1786,18303,369074,1592055,62560,2041993,27588967,387377,11451,-3829
"2021-02-04",16204,1789,17993,365388,1607580,62942,2053903,27826062,383381,11913,-3996
"2021-02-05",16026,1783,17809,363107,1621423,63273,2065612,28057566,380916,11714,-2465
"2021-02-06",15868,1756,17624,361101,1634795,63608,2077128,28303881,378725,11519,-2191
"2021-02-07",15799,1749,17548,360636,1645249,63820,2087253,28483046,378184,10126,-541
"2021-02-08",16036,1781,17817,355413,1657021,64076,2094327,28613396,373230,7075,-4954
"2021-02-09",15959,1780,17739,349189,1671943,64443,2103314,28858180,366928,9005,-6302
"2021-02-10",15716,1757,17473,346027,1686172,64740,2114412,29132857,363500,11107,-3428
"2021-02-11",15392,1758,17150,340859,1704029,65077,2127115,29383455,358009,12712,-5491
"2021-02-12",15153,1736,16889,336815,1719432,65346,2138482,29632609,353704,11382,-4305
"2021-02-13",14926,1697,16623,335639,1731870,65596,2149728,29882165,352262,11255,-1442
"2021-02-14",14887,1721,16608,335558,1740839,65796,2158801,30057518,352166,9081,-96
"2021-02-15",14943,1723,16666,332802,1749713,66019,2165200,30222536,349468,6406,-2698
"2021-02-16",14770,1701,16471,328542,1762542,66317,2173872,30466709,345013,8690,-4455
"2021-02-17",14534,1680,16214,323957,1777346,66657,2184174,30722824,340171,10310,-4842
"2021-02-18",14247,1677,15924,318604,1793917,66944,2195389,30968774,334528,11222,-5643
"2021-02-19",14098,1686,15784,314875,1809212,67264,2207135,31214008,330659,11755,-3869
"2021-02-20",14003,1681,15684,315574,1820294,67478,2219030,31476074,331258,11912,599
"2021-02-21",14063,1708,15771,318079,1828456,67660,2229966,31693912,333850,10938,2592
"2021-02-22",14329,1727,16056,318478,1835669,67889,2238092,31846713,334534,8139,684
"2021-02-23",14378,1738,16116,317117,1847476,68202,2248911,32115414,333233,10834,-1301
"2021-02-24",14271,1751,16022,318186,1859313,68482,2262003,32405393,334208,13114,975
"2021-02-25",14233,1761,15994,322321,1870570,68746,2277631,32707624,338315,15643,4107
"2021-02-26",14258,1778,16036,327361,1881213,68952,2293562,32986303,343397,15942,5082
"2021-02-27",14310,1781,16091,332161,1890838,69183,2308273,33263485,348252,14725,4855
"2021-02-28",14520,1805,16325,339701,1896820,69338,2322184,33483258,356026,13926,7774
"2021-03-01",14888,1848,16736,342595,1904282,69542,2333155,33633320,359331,10979,3305
"2021-03-02",15162,1851,17013,346293,1913320,69830,2346456,33927251,363306,13321,3975
"2021-03-03",15218,1905,17123,350962,1924504,70117,2362706,34230524,368085,16294,4779
"2021-03-04",15422,1943,17365,356680,1935935,70397,2380377,34516596,374045,17691,5960
"2021-03-05",15570,1982,17552,362790,1948202,70633,2399177,34837905,380342,18826,6297
"2021-03-06",15767,2006,17773,367385,1961121,70873,2417152,35134424,385158,17983,4816
"2021-03-07",16086,2032,18118,372536,1971808,71047,2433509,35363169,390654,16368,5496
"2021-03-08",16631,2103,18734,373670,1981373,71313,2445090,35524857,392404,11601,1750
"2021-03-09",16977,2145,19122,377418,1992565,71626,2460731,35823210,396540,15665,4136
"2021-03-10",17298,2210,19508,382499,2004689,71888,2478584,36128715,402007,17987,5467
"2021-03-11",17529,2214,19743,388939,2017522,72180,2498384,36438710,408682,19824,6675
"2021-03-12",17747,2247,19994,396598,2029849,72471,2518912,36747392,416592,20562,7910
"2021-03-13",18085,2288,20373,405195,2040844,72722,2539134,37060958,425568,20253,8976
"2021-03-14",18441,2368,20809,412970,2049400,72925,2556104,37289911,433779,16981,8211
"2021-03-15",19140,2429,21569,415625,2058777,73200,2569171,37447321,437194,13082,3415
"2021-03-16",19624,2491,22115,418224,2071352,73621,2585312,37767628,440339,16161,3145
"2021-03-17",19876,2536,22412,420831,2086646,73973,2603862,38077703,443243,18569,2904
"2021-03-18",19950,2547,22497,425944,2100377,74304,2623122,38368243,448441,19294,5198
"2021-03-19",20062,2576,22638,432997,2113066,74610,2643311,38668066,455635,20217,7194
"2021-03-20",20170,2596,22766,438236,2126479,74933,2662414,38966163,461002,19022,5367
"2021-03-21",20558,2642,23200,442697,2137416,75143,2678456,39197099,465897,16156,4895
"2021-03-22",21097,2688,23785,440719,2160896,75452,2700852,39344563,464504,11741,-1393
"2021-03-23",21263,2710,23973,438425,2177646,75904,2715948,39632577,462398,15122,-2106
"2021-03-24",21260,2743,24003,437133,2195522,76254,2732912,39936718,461136,16985,-1262
"2021-03-25",21292,2775,24067,436813,2214155,76614,2751649,40226494,460880,18752,-256
"2021-03-26",21361,2780,24141,437915,2231519,76971,2770546,40520672,462056,18910,1176
"2021-03-27",21497,2783,24280,440908,2246996,77249,2789433,40816279,465188,18892,3132
"2021-03-28",21632,2811,24443,446038,2257565,77471,2805517,41045648,470481,16091,5293
"2021-03-29",22169,2851,25020,445105,2268699,77800,2816624,41181208,470125,11123,-356
"2021-03-30",22122,2854,24976,441267,2284917,78244,2829404,41438366,466243,12742,-3882
"2021-03-31",22147,2847,24994,440204,2304151,78611,2847960,41732684,465198,18573,-1045
"2021-04-01",22126,2821,24947,442498,2320686,78985,2867116,42030041,467445,19166,2247
"2021-04-02",22001,2847,24848,443791,2337084,79369,2885092,42303774,468639,17991,1194
"2021-04-03",21829,2852,24681,446049,2351829,79648,2902207,42605034,470730,17129,2091
"2021-04-04",21810,2839,24649,450422,2362250,79900,2917221,42814430,475071,15022,4341
"2021-04-05",22159,2879,25038,450627,2370763,80115,2926543,42899885,475665,9322,594
"2021-04-06",22694,2898,25592,446414,2380976,80483,2933465,43002380,472006,6926,-3659
"2021-04-07",22721,2849,25570,439974,2398037,81001,2944582,43295601,465544,11139,-6462
"2021-04-08",22350,2833,25183,437152,2415561,81358,2959254,43603483,462335,14684,-3209
"2021-04-09",21894,2775,24669,430113,2438123,81984,2974889,43896010,454782,15649,-7553
"2021-04-10",21595,2764,24359,429688,2453172,82247,2989466,44177739,454047,14593,-735
"2021-04-11",21355,2771,24126,429399,2466875,82501,3002901,44389536,453525,13444,-522
"2021-04-12",21566,2782,24348,427382,2477157,82797,3011684,44561149,451730,8792,-1795
"2021-04-13",21225,2739,23964,423915,2492090,83179,3023148,44827649,447879,11472,-3851
"2021-04-14",20780,2709,23489,421107,2508996,83563,3037155,45111928,444596,14015,-3283
"2021-04-15",20200,2678,22878,419227,2525413,83878,3051396,45379268,442105,14252,-2491
"2021-04-16",19612,2638,22250,417093,2541325,84220,3064888,45659869,439343,13512,-2762
"2021-04-17",19199,2617,21816,415691,2555743,84456,3077706,45941433,437507,12824,-1836
"2021-04-18",18932,2589,21521,416713,2565735,84643,3088612,46137350,438234,10912,727
"2021-04-19",19119,2536,21655,412302,2577554,84924,3096435,46265324,433957,7824,-4277
"2021-04-20",18616,2476,21092,403304,2597191,85247,3106834,46512468,424396,10404,-9561
"2021-04-21",18262,2409,20671,397174,2615191,85539,3118575,46813085,417845,11749,-6551
"2021-04-22",17742,2368,20110,394339,2631818,85845,3132112,47125719,414449,13541,-3396
"2021-04-23",17255,2335,19590,389504,2649342,86130,3144566,47394579,409094,12457,-5355
"2021-04-24",16921,2283,19204,385151,2665309,86403,3156067,47664903,404355,11504,-4739
"2021-04-25",16776,2252,19028,384562,2677086,86581,3167257,47865403,403590,11191,-765
"2021-04-26",16811,2248,19059,380789,2688126,86851,3174825,47994229,399848,7572,-3742
"2021-04-27",16493,2166,18659,376439,2701586,87170,3183854,48261165,395098,9035,-4750
"2021-04-28",16153,2136,18289,372213,2716825,87467,3194794,48540508,390502,10943,-4596
"2021-04-29",15754,2083,17837,368798,2732452,87715,3206802,48819330,386635,12014,-3867
"2021-04-30",15445,2033,17478,366307,2746311,87937,3218033,49104456,383785,11232,-2850
"2021-05-01",14978,1986,16964,361955,2761828,88111,3228858,49423514,378919,10826,-4866
"2021-05-02",15055,1982,17037,361583,2769864,88232,3236716,49550137,378620,7861,-299
"2021-05-03",15180,1955,17135,358146,2778284,88460,3242025,49656679,375281,5311,-3339
"2021-05-04",14913,1898,16811,348895,2795354,88724,3249784,49932820,365706,7762,-9575
"2021-05-05",14332,1849,16181,343660,2810006,88959,3258806,50209738,359841,9028,-5865
"2021-05-06",13795,1795,15590,339160,2824521,89182,3268453,50479656,354750,9656,-5091
"2021-05-07",13363,1762,15125,335333,2837421,89364,3277243,50757073,350458,8795,-4292
"2021-05-08",12949,1721,14670,329896,2851722,89545,3285833,51043012,344566,8592,-5892
"2021-05-09",12694,1700,14394,323736,2865015,89651,3292796,51229720,338130,6966,-6436
"2021-05-10",12759,1679,14438,317531,2875495,89826,3297290,51343497,331969,4497,-6161
"2021-05-11",12381,1602,13983,309140,2890275,90047,3303445,51595946,323123,6158,-8846
"2021-05-12",11839,1544,13383,299168,2907271,90273,3310095,51852032,312551,6654,-10572
"2021-05-13",11257,1476,12733,293731,2919856,90461,3316781,52089574,306464,6689,-6087
"2021-05-14",10799,1449,12248,288669,2931646,90620,3323183,52343755,300917,6407,-5547
"2021-05-15",10334,1415,11749,282355,2943843,90734,3328681,52589489,294104,5505,-6813
"2021-05-16",10081,1397,11478,278890,2952456,90809,3333633,52759677,290368,4957,-3736
"2021-05-17",9996,1383,11379,273274,2960823,90936,3336412,52857779,284653,2780,-5715
"2021-05-18",9547,1336,10883,266612,2971662,91106,3340263,53087613,277495,3854,-7158
"2021-05-19",9098,1306,10404,259084,2984109,91230,3344827,53325868,269488,4570,-8007
"2021-05-20",8628,1228,9856,253247,2995085,91372,3349560,53532796,263103,4738,-6385
"2021-05-21",8263,1161,9424,246143,3006782,91579,3353928,53757482,255567,4371,-7536
"2021-05-22",7922,1132,9054,239274,3017795,91691,3357814,53996709,248328,3889,-7239
"2021-05-23",7681,1116,8797,236674,3023871,91754,3361096,54143123,245471,3284,-2857
"2021-05-24",7477,1098,8575,232224,3030680,91857,3363336,54237085,240799,2241,-4672
"2021-05-25",7104,1051,8155,225412,3040478,92006,3366051,54457285,233567,2719,-7232
"2021-05-26",6749,1005,7754,218776,3050678,92112,3369320,54676025,226530,3271,-7037
"2021-05-27",6408,946,7354,213099,3060029,92242,3372724,54875602,220453,3408,-6077
"2021-05-28",5959,894,6853,206897,3069711,92339,3375800,55079973,213750,3077,-6703
"2021-05-29",5669,852,6521,203070,3076528,92409,3378528,55282415,209591,2731,-4159
"2021-05-30",5515,815,6330,199903,3082337,92448,3381018,55418715,206233,2491,-3358
"2021-05-31",5431,799,6230,195947,3088010,92517,3382704,55497031,202177,1688,-4056
"2021-06-01",5119,769,5888,188721,3097516,92601,3384726,55683133,194609,2022,-7568
"2021-06-02",4878,726,5604,182693,3106153,92653,3387103,55868657,188297,2378,-6312
"2021-06-03",4775,699,5474,178559,3112051,92705,3388789,55951540,184033,1691,-4264
"2021-06-04",4549,653,5202,173431,3119523,92772,3390928,56137207,178633,2140,-5400
